0.08929132427929883 233666107579.1992
0.08961056522518218 229184388997.11224
0.08991733598534622 224948883962.66895
0.09020058388043847 221077365923.697
0.09048694512310944 217028199462.64917
0.09076438789773207 213554709073.91766
0.09101648479300403 210411723673.3176
0.09122710581739917 207799619980.75458
0.0914919733077766 204786514327.17584
0.09172599892209726 202397621057.79935
0.09189611735937882 200637119525.36002
0.09210534410856225 198723113765.33066
0.09227007953454186 197373838107.21143
0.09244205757233336 195929662710.95306
0.09256123919923297 195130268305.1697
0.0926948574381317 194076171690.25388
0.09280424811430102 193123031527.62973
0.09285523913875178 192584978083.34885
0.09295668613528783 190997312988.08096
0.0929640624199294 190050561477.95615
0.09300011278445806 188783535101.32507
0.09298155589485937 187087339870.4853
0.09298232767199975 185303710047.53226
0.09294901463626495 183448775252.02707
0.0928957821187749 181662674138.46008
0.09272811678126634 180472708115.5156
0.09266433338111445 178983622098.66583
0.09263351113505158 176899924435.75507
0.09250045305917018 175264463316.63364
0.09234196215825545 173824878371.3287
0.09210056937426286 172589849262.51257
0.09200665816076865 170224018020.20508
0.09175610203042171 168255909027.7727
0.09159816219321819 165621009251.64487
0.09123014197993529 163117307605.8734
0.09105126366449653 159614524851.37653
0.09071412843887568 156164404820.47076
0.09053501390703343 151928881437.13666
0.09024807032536014 147927252514.05258
0.09003895883734958 143388926949.8451
0.08966055403977712 139199879978.1924
0.08942468317181536 135025713029.80013
0.08929429718370072 130873199484.42253
0.08897907293109861 127444876128.2517
0.08867496011728923 124168223733.3624
0.08841910551175458 121291546483.65385
0.08820906032068733 118658995579.47296
0.08801391195390072 116269352629.49037
0.08768214265359449 113978355506.04951
0.08742278546478002 112569933861.4706
0.08717895875005993 110564462209.52917
0.08693538728431197 108597310653.85065
0.08667369704998784 106622300395.41508
0.0864223866432782 103946774249.6988
0.08618375325186503 100667826164.99208
0.08600781646584128 97769053849.36502
0.08583089669994483 94615307054.63924
0.08567984331213384 90981309072.36081
0.08548912957612888 89725093758.96233
0.0852620126022426 89750061369.74236
0.08510708571110309 89658802060.01599
0.08487902118601585 90539628963.49118
0.08464158517684069 89923449538.71927
0.08438692717463021 87866246334.40952
0.0841394598224739 84190190237.27208
0.08386786064094075 79777003792.95079
0.0836089326753775 74240713227.29932
0.08335242999587535 69434603650.68974
0.08315916723489972 65631791716.240555
0.08300490798010275 63324228702.18895
0.08278513610946084 62188999222.167946
0.08263076346925226 60159126186.043884
0.0824749364739596 54650247849.00591
0.08245180465339291 48346001278.12198
0.08249159111922723 42861562027.71661
0.08265038633018403 37432304025.88182
0.08319494632905454 29370841761.411316
0.08432617474823037 21705583840.760723
0.08562231760497467 14893303309.047733
0.08743781443766342 9930786911.892853
0.08977566709377148 5855713416.911651
0.09277271155874048 2697407620.3084483
0.09652812336187867 1031597392.856531
0.10114888763114883 405153446.74571794
0.1068063613869004 199307141.4802826
0.11332145503276492 108460607.52972509
0.12117508092507294 67458796.67471623
0.13034991832620704 42265391.014883414
0.14104722252364318 26465467.330675222
0.1535673022466583 16702699.504049895
0.16813158165890066 10482658.19316862
0.1848947564096673 6487937.585782592
0.20413277888441633 3988073.896730204
0.22625822349273442 2433488.4897470474
0.25137779970580154 1475076.6204770408
0.27990768613168976 886545.4010916668
0.3118755729264255 532114.3409956676
0.34773076714125556 319329.69154569897
0.38816849170108264 190226.59273852766
0.433670242184234 112388.46227777249
0.4853508574463402 66187.97317375711
0.5429507700229309 38642.36711884547
0.6070855067711429 22473.865146668348
0.6781182090865262 13041.087103718852
0.7557842893279508 7591.585507788881
0.8394280067229032 4436.357103837978
0.9285173420018386 2619.321622169422
1.0221449334672312 1566.8039903936683
1.118766805606691 948.6197032603785
1.2171795550232227 583.1276110946673
1.315667270697472 365.95716079614914
1.4128190265358715 234.13766120481353
1.5072194888735047 153.01102323747082
1.5972048339313902 102.87716472348765
1.6820198993708824 69.88049906282627
1.7603011839498977 48.83660663171944
1.8320525896635316 34.91931443884679
1.896436500275939 25.528338724093906
1.9534121697399545 19.025498046788528
2.0033829310881104 14.477224403864891
2.0461622500925003 11.229444162335069
2.0822773237754926 8.878376300324865
2.1121966818050946 7.134172737541221
2.1363664811233978 5.836573766826765
2.1552514213494196 4.886931920928859
2.169443693840994 4.112462324969385
2.1795368183426103 3.488408646570668
2.185849374705413 3.01064639509735
2.1889041923259103 2.6375867963647126
2.1891442020354086 2.3358781404894855
2.1869078359662733 2.0882419046277567
2.182544256330908 1.8845744270055182
2.176370454620237 1.7190867590655334
2.1686636437591016 1.5903851208142799
2.1899181491302357 2.452308775396779

