0.086719741 4415821600000.0
0.08771697 127101210000.0
0.089649437 15091247000.0
0.091970527 3520693900.0
0.094509495 1235453600.0
0.097187973 572846610.0
0.099961885 323493680.0
0.10280374 209688210.0
0.10569516 149405120.0
0.10862324 113537960.0
0.11157863 90186902.0
0.11455437 73898556.0
0.1175451 61924919.0
0.12054667 52765281.0
0.12355576 45541615.0
0.12656964 39708958.0
0.12958609 34911531.0
0.1326032 30906835.0
0.13561935 27523407.0
0.13863322 24636158.0
0.1416437 22151439.0
0.1446499 19997590.0
0.14765105 18118750.0
0.15064651 16470683.0
0.15363573 15017880.0
0.15661825 13731500.0
0.15959363 12587878.0
0.16256155 11567411.0
0.16552171 10653737.0
0.16847388 9833098.5
0.17141788 9093860.6
0.17435353 8426123.6
0.1772807 7821422.1
0.18019927 7272482.5
0.18310914 6773027.6
0.18601021 6317617.9
0.1889024 5901520.7
0.19178565 5520603.0
0.19465991 5171243.8
0.19752517 4850261.0
0.20038141 4554850.3
0.20322862 4282533.8
0.2060668 4031115.8
0.20889596 3798646.5
0.21171611 3583390.1
0.21452726 3383797.7
0.21732944 3198484.7
0.22012264 3026209.8
0.22290689 2865858.6
0.22568223 2716428.2
0.22844869 2577014.6
0.2312063 2446801.8
0.2339551 2325051.6
0.23669514 2211095.3
0.23942646 2104326.4
0.2421491 2004193.6
0.24486311 1910195.5
0.24756853 1821875.0
0.25026541 1738815.2
0.25295378 1660635.0
0.25563369 1586985.9
0.25830518 1517548.3
0.2609683 1452029.4
0.26362309 1390159.9
0.26626961 1331692.4
0.26890791 1276399.2
0.27153803 1224070.4
0.27416003 1174512.4
0.27677395 1127546.5
0.27937984 1083007.6
0.28197776 1040742.9
0.28456776 1000610.8
0.28714987 962480.17
0.28972415 926229.46
0.29229064 891745.68
0.29484939 858923.84
0.29740044 827666.29
0.29994384 797882.09
0.30247964 769486.52
0.30500788 742400.59
0.30752861 716550.58
0.31004187 691867.66
0.31254773 668287.49
0.31504621 645749.92
0.31753737 624198.65
0.32002125 603580.96
0.3224979 583847.45
0.32496736 564951.81
0.32742968 546850.56
0.32988489 529502.9
0.33233304 512870.48
0.33477417 496917.29
0.33720832 481609.41
0.33963553 466914.92
0.34205585 452803.77
0.34446931 439247.64
0.34687595 426219.81
0.34927582 413695.09
0.35166895 401649.72
0.3540554 390061.22
0.35643519 378908.39
0.35880836 368171.17
0.36117496 357830.59
0.36353503 347868.73
0.36588859 338268.56
0.3682357 329014.03
0.37057638 320089.88
0.37291068 311481.66
0.37523863 303175.66
0.37756026 295158.89
0.37987561 287419.0
0.38218472 279944.27
0.38448762 272723.56
0.38678434 265746.3
0.38907492 259002.4
0.39135939 252482.3
0.39363779 246176.88
0.39591015 240077.48
0.3981765 234175.82
0.40043689 228464.05
0.40269133 222934.65
0.40493987 217580.49
0.40718253 212394.74
0.40941936 207370.89
0.41165037 202502.75
0.41387561 197784.37
0.4160951 193210.11
0.41830887 188774.54
0.42051696 184472.52
0.42271939 180299.1
0.42491619 176249.54
0.42710739 172319.34
0.42929303 168504.18
0.43147312 164799.9
0.4336477 161202.56
0.4358168 157708.35
0.43798044 154313.63
0.44013866 151014.93
0.44229147 147808.9
0.44443892 144692.33
0.44658102 141662.16
0.44871781 138715.45
0.4508493 135849.34
0.45297554 133061.14
0.45509654 130348.24
0.45721233 127708.13
0.45932294 125138.4
0.46142839 122636.75
0.4635287 120200.96
0.46562392 117828.89
0.46771405 115518.48
0.46979912 113267.76
0.47187916 111074.84
0.4739542 108937.88
0.47602425 106855.13
0.47808934 104824.87
0.48014949 102845.51
0.48220474 100915.44
0.48425509 99033.164
0.48630057 97197.221
0.48834121 95406.205
0.49037704 93658.756
0.49240806 91953.571
0.49443431 90289.387
0.49645581 88664.985
0.49847258 87079.197
0.50048464 85530.886
0.50249201 84018.959
0.50449472 82542.364
0.50649279 81100.076
0.50848624 79691.118
0.51047509 78314.532
0.51245936 76969.404
0.51443908 75654.845
0.51641426 74369.995
0.51838492 73114.029
0.52035108 71886.14
0.52231277 70685.558
0.52427001 69511.528
0.52622281 68363.328
0.52817119 67240.254
0.53011517 66141.627
0.53205478 65066.787
0.53399002 64015.105
0.53592093 62985.954
0.53784752 61978.746
0.5397698 60992.896
0.5416878 60027.847
0.54360154 59083.055
0.54551103 58157.997
0.5474163 57252.158
0.54931735 56365.05
0.55121422 55496.188
0.55310691 54645.111
0.55499545 53811.368
0.55687985 52994.522
0.55876013 52194.148
0.56063631 51409.836
0.56250841 50641.187
0.56437643 49887.815
0.56624041 49149.338
0.56810036 48425.4
0.56995628 47715.641
0.57180821 47019.719
0.57365616 46337.297
0.57550014 45668.058
0.57734016 45011.679
0.57917626 44367.856
0.58100843 43736.29
0.5828367 43116.697
0.58466109 42508.79
0.5864816 41912.302
0.58829826 41326.961
0.59011108 40752.515
0.59192007 40188.704
0.59372526 39635.292
0.59552665 39092.037
0.59732426 38558.711
0.59911811 38035.085
0.60090821 37520.943
0.60269458 37016.072
0.60447723 36520.262
0.60625617 36033.313
0.60803143 35555.028
0.60980301 35085.218
0.61157094 34623.695
0.61333521 34170.276
0.61509586 33724.786
0.61685289 33287.052
0.61860631 32856.908
0.62035614 32434.191
0.6221024 32018.739
0.6238451 31610.399
0.62558425 31209.02
0.62731987 30814.452
0.62905196 30426.555
0.63078055 30045.187
0.63250564 29670.214
0.63422725 29301.499
0.63594539 28938.914
0.63766008 28582.334
0.63937132 28231.632
0.64107914 27886.69
0.64278354 27547.391
0.64448453 27213.618
0.64618213 26885.261
0.64787636 26562.211
0.64956721 26244.36
0.65125472 25931.604
0.65293888 25623.844
0.65461971 25320.978
0.65629723 25022.908
0.65797144 24729.544
0.65964236 24440.788
0.66131 24156.556
0.66297438 23876.755
0.66463549 23601.303
0.66629336 23330.114
0.667948 23063.105
0.66959942 22800.196
0.67124762 22541.311
0.67289263 22286.371
0.67453445 22035.302
0.6761731 21788.03
0.67780858 21544.485
0.67944091 21304.597
0.6810701 21068.296
0.68269616 20835.516
0.6843191 20606.192
0.68593893 20380.261
0.68755566 20157.659
0.68916931 19938.324
0.69077988 19722.2
0.69238738 19509.226
0.69399183 19299.345
0.69559324 19092.499
0.69719161 18888.638
0.69878696 18687.705
0.70037929 18489.648
0.70196862 18294.416
0.70355496 18101.959
0.70513832 17912.227
0.70671871 17725.175
0.70829614 17540.751
0.70987061 17358.911
0.71144215 17179.612
0.71301075 17002.808
0.71457643 16828.455
0.7161392 16656.511
0.71769907 16486.935
0.71925604 16319.688
0.72081014 16154.726
0.72236136 15992.012
0.72390972 15831.51
0.72545523 15673.179
0.72699789 15516.985
0.72853772 15362.891
0.73007472 15210.861
0.73160891 15060.863
0.73314029 14912.86
0.73466888 14766.819
0.73619468 14622.711
0.7377177 14480.502
0.73923795 14340.159
0.74075544 14201.654
0.74227018 14064.956
0.74378217 13930.035
0.74529144 13796.863
0.74679797 13665.412
0.7483018 13535.654
0.74980291 13407.561
0.75130133 13281.107
0.75279705 13156.265
0.7542901 13033.01
0.75578047 12911.318
0.75726818 12791.161
0.75875323 12672.518
0.76023563 12555.365
0.7617154 12439.676
0.76319254 12325.43
0.76466705 12212.605
0.76613895 12101.177
0.76760825 11991.127
0.76907495 11882.431
0.77053905 11775.07
0.77200058 11669.023
0.77345954 11564.269
0.77491593 11460.79
0.77636976 11358.565
0.77782105 11257.576
0.77926979 11157.804
0.78071601 11059.23
0.78215969 10961.838
0.78360086 10865.608
0.78503952 10770.524
0.78647568 10676.569
0.78790935 10583.725
0.78934053 10491.977
0.79076923 10401.307
0.79219546 10311.702
0.79361922 10223.143
0.79504053 10135.617
0.79645939 10049.108
0.79787582 9963.6026
0.7992898 9879.0842
0.80070136 9795.5387
0.8021105 9712.9545
0.80351723 9631.3155
0.80492156 9550.6079
0.80632348 9470.8211
0.80772302 9391.9396
0.80912017 9313.9502
0.81051495 9236.8412
0.81190736 9160.6002
0.81329741 9085.2153
0.8146851 9010.6746
0.81607044 8936.9642
0.81745345 8864.0745
0.81883412 8791.9942
0.82021246 8720.7112
0.82158848 8650.2138
0.82296219 8580.4923
0.82433359 8511.5364
0.82570269 8443.3345
0.8270695 8375.8764
0.82843403 8309.1518
0.82979627 8243.1514
0.83115624 8177.8656
0.83251394 8113.283
0.83386939 8049.3965
0.83522258 7986.195
0.83657353 7923.6692
0.83792223 7861.8106
0.8392687 7800.6106
0.84061295 7740.0597
0.84195497 7680.1497
0.84329478 7620.8716
0.84463238 7562.2185
0.84596778 7504.1801
0.84730098 7446.7497
0.84863199 7389.9187
0.84996082 7333.6793
0.85128748 7278.0244
0.85261196 7222.9457
0.85393428 7168.4357
0.85525444 7114.4872
0.85657245 7061.0933
0.85788831 7008.2469
0.85920203 6955.9399
0.86051362 6904.1662
0.86182308 6852.919
0.86313042 6802.1919
0.86443564 6751.9769
0.86573875 6702.2688
0.86703975 6653.061
0.86833866 6604.3474
0.86963547 6556.1213
0.8709302 6508.3759
0.87222284 6461.1063
0.87351341 6414.3054
0.87480191 6367.9689
0.87608835 6322.0905
0.87737273 6276.6634
0.87865505 6231.6836
0.87993533 6187.1445
0.88121356 6143.0414
0.88248976 6099.3682
0.88376393 6056.1199
0.88503608 6013.2915
0.8863062 5970.8778
0.88757431 5928.8738
0.88884041 5887.2743
0.89010451 5846.0746
0.89136662 5805.2702
0.89262673 5764.8555
0.89388485 5724.8264
0.89514099 5685.1786
0.89639516 5645.9062
0.89764736 5607.0067
0.89889759 5568.4736
0.90014586 5530.3041
0.90139217 5492.493
0.90263654 5455.0367
0.90387896 5417.9309
0.90511944 5381.1707
0.90635799 5344.7527
0.90759461 5308.673
0.90882931 5272.9272
0.91006208 5237.5124
0.91129295 5202.4241
0.9125219 5167.6576
0.91374895 5133.2104
0.91497411 5099.0788
0.91619737 5065.2581
0.91741874 5031.7459
0.91863822 4998.5382
0.91985583 4965.6314
0.92107156 4933.022
0.92228543 4900.7073
0.92349743 4868.6836
0.92470757 4836.9471
0.92591586 4805.4948
0.92712229 4774.3238
0.92832689 4743.4304
0.92952964 4712.8124
0.93073055 4682.466
0.93192964 4652.3874
0.9331269 4622.5762
0.93432234 4593.0264
0.93551596 4563.7374
0.93670777 4534.7046
0.93789778 4505.9261
0.93908598 4477.3994
0.94027238 4449.1211
0.94145699 4421.0884
0.94263981 4393.2989
0.94382085 4365.7499
0.9450001 4338.4389
0.94617759 4311.3633
0.9473533 4284.5203
0.94852724 4257.9069
0.94969943 4231.5216
0.95086985 4205.3621
0.95203853 4179.425
0.95320545 4153.7078
0.95437063 4128.2099
0.95553407 4102.9266
0.95669578 4077.8577
0.95785576 4052.9994
0.95901401 4028.3502
0.96017053 4003.9075
0.96132534 3979.6697
0.96247844 3955.6342
0.96362982 3931.7989
0.9647795 3908.1617
0.96592748 3884.7204
0.96707377 3861.4732
0.96821836 3838.4181
0.96936126 3815.5531
0.97050248 3792.8763
0.97164202 3770.3855
0.97277988 3748.0786
0.97391607 3725.9539
0.97505059 3704.0094
0.97618345 3682.2444
0.97731465 3660.6547
1.0050669 3173.4243
1.0318445 2771.7761
1.0577028 2437.5288
1.0826925 2156.9612
1.1068602 1919.5869
1.1302488 1717.2958
1.1528981 1543.7484
1.1748448 1393.9395
1.196123 1263.8805
1.2167646 1150.3666
1.236799 1050.8011
1.2562539 963.06644
1.275155 885.42133
1.2935267 816.42643
1.3113915 754.88398
1.3287707 699.79198
1.3456845 650.30729
1.3621515 605.71715
1.3781897 565.41621
1.3938158 528.8872
1.4090457 495.68733
1.4238944 465.43555
1.4383761 437.80246
1.4525043 412.50228
1.4662918 389.28673
1.4797507 367.93884
1.4928925 348.26866
1.5057283 330.10908
1.5182685 313.3132
1.530523 297.75082
1.5425013 283.30715
1.5542126 269.87963
1.5656653 257.37727
1.5768679 245.71892
1.5878282 234.83178
1.5985538 224.65081
1.6090519 215.11715
1.6193294 206.17848
1.629393 197.78697
1.639249 189.89983
1.6489035 182.47791
1.6583625 175.48622
1.6676315 168.89252
1.676716 162.66775
1.6856211 156.7853
1.6943519 151.22072
1.7029131 145.95206
1.7113095 140.95892
1.7195454 136.2227
1.7276252 131.72631
1.735553 127.45395
1.7433328 123.39122
1.7509684 119.52471
1.7584637 115.84226
1.765822 112.33223
1.773047 108.98445
1.780142 105.78902
1.7871102 102.7368
1.7939547 99.819639
1.8006786 97.029587
1.8072847 94.359458
1.813776 91.802645
1.8201551 89.352671
1.8264247 87.003818
1.8325874 84.75064
1.8386456 82.587992
1.8446018 80.511087
1.8504583 78.515468
1.8562174 76.597041
1.8618812 74.751857
1.8674519 72.976242
1.8729316 71.266716
1.8783223 69.620034
1.8836258 68.033219
1.8888442 66.503399
1.8939791 65.027794
1.8990326 63.604007
1.9040061 62.229587
1.9089015 60.902127
1.9137204 59.619738
1.9184644 58.380247
1.923135 57.181809
1.9277337 56.022661
1.932262 54.901042
1.9367213 53.815374
1.941113 52.764087
1.9454385 51.745803
1.9496991 50.759091
1.953896 49.802725
1.9580305 48.875391
1.9621038 47.975931
1.9661172 47.10328
1.9700717 46.256337
1.9739685 45.434083
1.9778087 44.635588
1.9815933 43.859936
1.9853234 43.10625
1.989 42.37364
1.9926242 41.661462
1.9961968 40.968856
1.9997189 40.295077
2.0031913 39.639567
2.0066149 39.001489
2.0099907 38.380385
2.0133194 37.775578
2.016602 37.18647
2.0198392 36.612615
2.0230319 36.053345
2.0261808 35.508301
2.0292866 34.976879
2.0323503 34.458733
2.0353724 33.953336
2.0383536 33.460248
2.0412948 32.979169
2.0441965 32.509664
2.0470594 32.051307
2.0498842 31.603774
2.0526716 31.16676
2.0554221 30.739867
2.0581363 30.322831
2.0608149 29.915309
2.0634584 29.517078
2.0660675 29.12778
2.0686426 28.747141
2.0711843 28.374943
2.0736932 28.010881
2.0761698 27.654732
2.0786146 27.306412
2.0810281 26.96542
2.0834107 26.631778
2.0857631 26.305103
2.0880856 25.985331
2.0903788 25.672227
2.092643 25.365539
2.0948787 25.065177
2.0970865 24.770892
2.0992666 24.482577
2.1014195 24.200007
2.1035456 23.923092
2.1056454 23.651598
2.1077192 23.385475
2.1097674 23.124476
2.1117904 22.868608
2.1137886 22.617601
2.1157623 22.371358
2.1177119 22.129834
2.1196378 21.892795
2.1215403 21.660225
2.1234197 21.431921
2.1252763 21.207865
2.1271106 20.987886
2.1289228 20.771902
2.1307132 20.559809
2.1324822 20.351546
2.13423 20.146978
2.135957 19.945986
2.1376635 19.74856
2.1393496 19.554598
2.1410158 19.363991
2.1426622 19.17665
2.1442893 18.992518
2.1458971 18.811536
2.1474861 18.633619
2.1490564 18.458686
2.1506083 18.286658
2.1521421 18.117476
2.153658 17.951089
2.1551563 17.787432
2.1566371 17.626448
2.1581008 17.468066
2.1595475 17.312239
2.1609774 17.158889
2.1623909 17.007971
2.1637881 16.859436
2.1651692 16.713249
2.1665345 16.569334
2.1678841 16.427654
2.1692182 16.288185
2.1705371 16.150825
2.171841 16.015582
2.1731299 15.882377
2.1744043 15.751171
2.1756641 15.621922
2.1769096 15.494619
2.1781411 15.369181
2.1793586 15.24561
2.1805623 15.123865
2.1817525 15.003871
2.1829292 14.885616
2.1840927 14.769062
2.1852431 14.654179
2.1863806 14.540929
2.1875053 14.429293
2.1886174 14.319241
2.1897171 14.210721
2.1908045 14.103704
2.1918797 13.998173
2.1929429 13.894118
2.1939943 13.791482
2.195034 13.690214
2.1960621 13.590351
2.1970788 13.491861
2.1980842 13.394632
2.1990784 13.298755
2.2000616 13.204118
2.201034 13.110768
2.2019955 13.01861
2.2029464 12.927681
2.2038869 12.837925
2.2048169 12.749337
2.2057367 12.661893
2.2066463 12.575571
2.2075459 12.490328
2.2084355 12.406198
2.2093154 12.323126
2.2101856 12.241065
2.2110463 12.160097
2.2118974 12.080082
2.2127392 12.001059
2.2135718 11.923037
2.2143952 11.845975
2.2152096 11.769857
2.2160151 11.69464
2.2168117 11.620328
2.2175996 11.546918
2.2183788 11.474385
2.2191495 11.402731
2.2199118 11.331918
2.2206657 11.261955
2.2214113 11.192802
2.2221488 11.124463
2.2228782 11.056919
2.2235996 10.990152
2.2243131 10.924172
2.2250188 10.858951
2.2257167 10.794445
2.2264071 10.73066
2.2270898 10.667678
2.2277651 10.605362
2.228433 10.543693
2.2290935 10.482823
2.2297468 10.422519
2.230393 10.362969
2.231032 10.304029
2.2316641 10.245755
2.2322892 10.188102
2.2329075 10.131114
2.2335189 10.074685
2.2341237 10.018927
2.2347217 9.9637237
2.2353133 9.9091297
2.2358983 9.8551229
2.2364768 9.801677
2.237049 9.7487833
2.2376149 9.6964674
2.2381746 9.6447075
2.238728 9.5934876
2.2392754 9.5427946
2.2398167 9.4926186
2.240352 9.4429584
2.2408814 9.3938063
2.2414049 9.3451575
2.2419226 9.2970067
2.2424346 9.2493327
2.2429408 9.2021355
2.2434415 9.1554316
2.2439365 9.1092111
2.2444261 9.0634299
2.2449102 9.0180853
2.2453889 8.9732197
2.2458622 8.9287913
2.2463302 8.8847829
2.246793 8.8412304
2.2472506 8.7980616
2.247703 8.7553619
2.2481504 8.7130195
2.2485927 8.6711483
2.24903 8.6296024
2.2494624 8.5885255
2.2498899 8.5478013
2.2503125 8.5074547
2.2507304 8.4675213
2.2511434 8.4279524
2.2515518 8.3887304
2.2519555 8.3498829
2.2523547 8.311406
2.2527492 8.2732924
2.2531392 8.2355301
2.2535247 8.1981078
2.2539058 8.1610219
2.2542825 8.1242731
2.2546549 8.0878635
2.2550229 8.0517813
2.2553866 8.0160263
2.2557462 7.9805936
2.2561015 7.9454781
2.2564527 7.9106806
2.2567998 7.8761725
2.2571428 7.8419895
2.2574817 7.808109
2.2578167 7.7745095
2.2581477 7.7412121
2.2584748 7.7082225
2.258798 7.6754827
2.2591174 7.6430744
2.2594329 7.6108964
2.2597447 7.5790416
2.2600527 7.5474136
2.260357 7.5161039
2.2606577 7.485011
2.2609547 7.4542182
2.2612481 7.4236776
2.2615379 7.3933776
2.2618242 7.3633508
2.262107 7.333573
2.2623863 7.3040457
2.2626622 7.2747505
2.2629346 7.2456947
2.2632037 7.2168825
2.2634694 7.1883187
2.2637318 7.1599901
2.2639909 7.1318928
2.2642468 7.1040169
2.2644994 7.0763674
2.2647488 7.048939
2.2649951 7.0217328
2.2652382 6.9947439
2.2654781 6.9679757
2.265715 6.9414267
2.2659489 6.9150748
2.2661797 6.8889301
2.2664075 6.8630117
2.2666323 6.837292
2.2668542 6.8117439
2.2670731 6.7864376
2.2672891 6.7613056
2.2675023 6.7363618
2.2677126 6.7116408
2.2679201 6.687071
2.2681248 6.66273
2.2683267 6.6385466
2.2685258 6.614552
2.2687223 6.5907688
2.268916 6.5671256
2.269107 6.5436807
2.2692954 6.520424
2.2694812 6.4973241
2.2696643 6.4744041
2.2698449 6.4516507
2.2700229 6.4290665
2.2701983 6.4066626
2.2703712 6.3844188
2.2705416 6.3623419
2.2707096 6.3404249
2.2708751 6.3186689
2.2710381 6.297067
2.2711987 6.2756251
2.271357 6.2543361
2.2715128 6.2332051
2.2716663 6.2122244
2.2718175 6.1913916
2.2719664 6.1707132
2.2721129 6.1501854
2.2722572 6.1298101
2.2723992 6.1095738
2.272539 6.0894722
2.2726766 6.0695205
2.272812 6.0497126
2.2729451 6.0300331
2.2730762 6.0105085
2.273205 5.9911014
2.2733318 5.9718477
2.2734564 5.9527138
2.273579 5.933721
2.2736995 5.9148578
2.2738179 5.8961187
2.2739343 5.8775249
2.2740486 5.8590295
2.274161 5.840679
2.2742713 5.8224723
2.2743797 5.8043617
2.2744861 5.7863578
2.2745906 5.7685047
2.2746932 5.7507811
2.2747938 5.7331723
2.2748926 5.7156674
2.2749895 5.6982801
2.2750845 5.6810072
2.2751776 5.6638541
2.275269 5.6468132
2.2753585 5.6298841
2.2754462 5.6130679
2.2755321 5.5963592
2.2756163 5.5797536
2.2756987 5.5632535
2.2757793 5.5468792
2.2758583 5.5306146
2.2759355 5.5144462
2.2760109 5.4983646
2.2760848 5.4824038
2.2761569 5.4665621
2.2762274 5.4507901
2.2762962 5.4351304
2.2763634 5.4195885
2.2764289 5.404111
2.2764929 5.3887612
2.2765552 5.3734878
2.276616 5.3583272
2.2766752 5.3432503
2.2767329 5.3282748
2.2767889 5.313391
2.2768435 5.2985987
2.2768966 5.2839006
2.2769481 5.269296
2.2769981 5.2547696
2.2770467 5.2403471
2.2770937 5.2260126
2.2771393 5.211753
2.2771835 5.1975794
2.2772262 5.1835069
2.2772675 5.1695223
2.2773074 5.1556142
2.2773458 5.1417878
2.2773829 5.1280493
2.2774186 5.1143883
2.2774529 5.1008094
2.2774859 5.087319
2.2775175 5.073909
2.2775477 5.0605737
2.2775767 5.0473254
2.2776043 5.0341498
2.2776306 5.0210479
2.2776556 5.0080305
2.2776793 4.9950797
2.2777017 4.9822193
2.2777228 4.9694316
2.2777427 4.9567166
2.2777614 4.9440663
2.2777788 4.9314946
2.277795 4.9190069
2.2778099 4.9065835
2.2778237 4.8942188
2.2778362 4.8819495
2.2778476 4.869733
2.2778577 4.8575954
2.2778667 4.845529
2.2778745 4.8335146
2.2778812 4.82159
2.2778867 4.8097166
2.2778911 4.7979209
2.2778943 4.7861891
2.2778964 4.7745126
2.2778974 4.7629331
