0.18 0.4246113574005284 0.2067657038994663 0.2067657038994663 4378541.314969522 4378541.314969522 10633.23028955619
0.18828282828282827 0.4436973265401259 0.21628017512267406 0.21628017512267406 3663050.237556291 3663050.237556291 10165.45942917872
0.19656565656565655 0.4705173790711494 0.2257946463458818 0.2257946463458818 2947559.1601430597 2947559.1601430597 9737.110162378794
0.20484848484848484 0.4924584738968107 0.2353091175690896 0.2353091175690896 2440028.3277941113 2440028.3277941113 9343.400579876297
0.21313131313131312 0.5109634538968512 0.24482358879229735 0.24482358879229735 2061649.1999431388 2061649.1999431388 8980.292121321863
0.2214141414141414 0.5358385510958587 0.25433806001550513 0.25433806001550513 1683270.0720921648 1683270.0720921648 8644.35053649139
0.2296969696969697 0.5533493684706462 0.2638525312387129 0.2638525312387129 1432915.7153887153 1432915.7153887153 8332.636928755113
0.23797979797979799 0.5682186184076635 0.27336700246192064 0.27336700246192064 1239359.31036998 1239359.31036998 8042.621551778069
0.24626262626262627 0.587437748777468 0.28288147368512845 0.28288147368512845 1045802.9053512437 1045802.9053512437 7772.115002456575
0.2545454545454545 0.6058329235460407 0.29239594490833615 0.29239594490833615 886369.0949348062 886369.0949348062 7519.212847614735
0.26282828282828286 0.6168916698744328 0.30191041613154396 0.30191041613154396 785278.8143732861 785278.8143732861 7282.250720979682
0.27111111111111114 0.630741780317284 0.31142488735475177 0.31142488735475177 684188.533811766 684188.533811766 7059.767651262716
0.2793939393939394 0.6480633860180439 0.3209393585779595 0.3209393585779595 583098.2532502464 583098.2532502464 6850.475913228173
0.2876767676767677 0.6608100884658674 0.3304538298011673 0.3304538298011673 511272.0673504994 511272.0673504994 6653.236087074835
0.295959595959596 0.670561537443251 0.33996830102437503 0.33996830102437503 457112.07770028384 457112.07770028384 6467.036305798338
0.30424242424242426 0.6824331212455854 0.3494827722475828 0.3494827722475828 402952.08805006836 402952.08805006836 6290.9748924266705
0.31252525252525254 0.6968898783534156 0.35899724347079054 0.35899724347079054 348792.09839985275 348792.09839985275 6124.245758238245
0.3208080808080808 0.7086843097829298 0.3685117146939983 0.3685117146939983 307188.5155585575 307188.5155585575 5966.1260629688695
0.3290909090909091 0.7162542828615767 0.3780261859172061 0.3780261859172061 278648.33521652507 278648.33521652507 5815.965738486534
0.3373737373737374 0.7253115869412552 0.38754065714041386 0.38754065714041386 250108.1548744928 250108.1548744928 5673.178555685367
0.34565656565656566 0.7360585459329831 0.3970551283636216 0.3970551283636216 221567.9745324605 221567.9745324605 5537.234475742002
0.353939393939394 0.7488204860289193 0.4065695995868294 0.4065695995868294 193027.79419042802 193027.79419042802 5407.653075339364
0.3622222222222222 0.7551600248202118 0.4160840708100371 0.4160840708100371 176560.90492877807 176560.90492877807 5283.997873951236
0.37050505050505056 0.7617239124765268 0.425598542033245 0.425598542033245 161259.60609725973 161259.60609725973 5165.87142202539
0.3787878787878788 0.7693730797073568 0.43511301325645263 0.43511301325645263 145958.30726574178 145958.30726574178 5052.911033597102
0.3870707070707071 0.7782554772852345 0.4446274844796605 0.4446274844796605 130657.00843422348 130657.00843422348 4944.785066803008
0.39535353535353535 0.7886312547070637 0.4541419557028682 0.4541419557028682 115355.70960270544 115355.70960270544 4841.18967194408
0.4036363636363637 0.793886640998444 0.463656426926076 0.463656426926076 106334.75988042736 106334.75988042736 4741.845939937219
0.41191919191919196 0.7990680042517406 0.47317089814928376 0.47317089814928376 98050.10108647418 98050.10108647418 4646.497394798707
0.42020202020202024 0.8050598698992457 0.4826853693724915 0.4826853693724915 89765.44229252101 89765.44229252101 4554.907782689695
0.4284848484848485 0.811918720442542 0.4921998405956993 0.4921998405956993 81480.78349856779 81480.78349856779 4466.859117394892
0.4367676767676768 0.8197443653639653 0.501714311818907 0.501714311818907 73196.12470461467 73196.12470461467 4382.149948193601
0.4450505050505051 0.8262804283950059 0.5112287830421148 0.5112287830421148 66497.71723040925 66497.71723040925 4300.593821150505
0.45333333333333337 0.8302167331953779 0.5207432542653225 0.5207432542653225 61960.857609308834 61960.857609308834 4222.017909088488
0.46161616161616165 0.8346526400824521 0.5302577254885303 0.5302577254885303 57423.99798820836 57423.99798820836 4146.261789056703
0.4698989898989899 0.8396599591706535 0.5397721967117382 0.5397721967117382 52887.13836710787 52887.13836710787 4073.1763490948256
0.4781818181818182 0.8452468702423481 0.5492866679349458 0.5492866679349458 48350.27874600745 48350.27874600745 4002.622808616208
0.4864646464646465 0.8516592954997998 0.5588011391581537 0.5588011391581537 43813.41912490697 43813.41912490697 3934.4718388681745
0.49474747474747477 0.8566610639619805 0.5683156103813614 0.5683156103813614 40250.514802113794 40250.514802113794 3868.6027717413494
0.503030303030303 0.8598419480478591 0.5778300816045692 0.5778300816045692 37717.07318077427 37717.07318077427 3804.9028867448055
0.5113131313131314 0.8633944924296894 0.587344552827777 0.587344552827777 35183.63155943475 35183.63155943475 3743.26676728351
0.5195959595959596 0.8674239544307929 0.5968590240509847 0.5968590240509847 32650.18993809526 32650.18993809526 3683.595718504885
0.527878787878788 0.8718488298487339 0.6063734952741925 0.6063734952741925 30116.748316755737 30116.748316755737 3625.7972399519954
0.5361616161616163 0.8767210586680219 0.6158879664974003 0.6158879664974003 27583.306695416213 27583.306695416213 3569.7845470966704
0.5444444444444445 0.8818138156119065 0.625402437720608 0.625402437720608 25176.253486225414 25176.253486225414 3515.4761365471477
0.5527272727272727 0.8843244700737154 0.6349169089438157 0.6349169089438157 23750.132662754328 23750.132662754328 3462.795390348891
0.5610101010101011 0.8870695045796615 0.6444313801670235 0.6444313801670235 22324.011839283226 22324.011839283226 3411.670215338338
0.5692929292929294 0.8900760483508632 0.6539458513902314 0.6539458513902314 20897.891015812107 20897.891015812107 3362.032713979618
0.5775757575757576 0.8933537038419239 0.6634603226134391 0.6634603226134391 19471.77019234102 19471.77019234102 3313.818883523807
0.5858585858585859 0.8969808300003873 0.6729747938366468 0.6729747938366468 18045.649368869937 18045.649368869937 3266.968340687781
0.5941414141414142 0.9010692374189614 0.6824892650598546 0.6824892650598546 16619.528545398833 16619.528545398833 3221.4240693623133
0.6024242424242425 0.9046617607129388 0.6920037362830624 0.6920037362830624 15381.370503832992 15381.370503832992 3177.132189132986
0.6107070707070708 0.9066723010831683 0.7015182075062701 0.7015182075062701 14558.00648211733 14558.00648211733 3134.041742637964
0.618989898989899 0.90886856886213 0.7110326787294778 0.7110326787294778 13734.642460401667 13734.642460401667 3092.1044999982264
0.6272727272727273 0.9114110782218675 0.7205471499526857 0.7205471499526857 12911.278438685995 12911.278438685995 3051.274778742211
0.6355555555555557 0.9141081788462052 0.7300616211758935 0.7300616211758935 12087.914416970321 12087.914416970321 3011.509277811368
0.6438383838383839 0.9170142354591279 0.7395760923991012 0.7395760923991012 11264.55039525466 11264.55039525466 2972.76692437859
0.6521212121212122 0.9201705019174523 0.749090563622309 0.749090563622309 10441.186373538989 10441.186373538989 2935.0087323403236
0.6604040404040405 0.9232915708321077 0.7586050348455168 0.7586050348455168 9669.675219380095 9669.675219380095 2898.197671457499
0.6686868686868688 0.9249179067774037 0.7681195060687245 0.7681195060687245 9188.956182771894 9188.956182771894 2862.298546221923
0.676969696969697 0.9267102494498765 0.7776339772919322 0.7776339772919322 8708.237146163694 8708.237146163694 2827.2778836152092
0.6852525252525252 0.9285795317733079 0.7871484485151399 0.7871484485151399 8227.518109555494 8227.518109555494 2793.103829007832
0.6935353535353537 0.930743801402201 0.7966629197383479 0.7966629197383479 7746.799072947277 7746.799072947277 2759.746049517787
0.7018181818181819 0.9328371055177493 0.8061773909615556 0.8061773909615556 7266.080036339075 7266.080036339075 2727.1756442125975
0.7101010101010101 0.9353498001815592 0.8156918621847633 0.8156918621847633 6785.360999730876 6785.360999730876 2695.365060595893
0.7183838383838386 0.9380065052185287 0.8252063334079712 0.8252063334079712 6304.641963122664 6304.641963122664 2664.2880168713623
0.7266666666666668 0.9395844290395813 0.8347208046311789 0.8347208046311789 5952.536870858679 5952.536870858679 2633.9194295230927
0.734949494949495 0.9411326452910519 0.8442352758543866 0.8442352758543866 5667.390160172431 5667.390160172431 2604.2353457928984
0.7432323232323232 0.9425648645429194 0.8537497470775943 0.8537497470775943 5382.243449486183 5382.243449486183 2575.212880672619
0.7515151515151517 0.944094863125139 0.8632642183008022 0.8632642183008022 5097.096738799929 5097.096738799929 2546.8301580630546
0.7597979797979799 0.9458711468151454 0.8727786895240099 0.8727786895240099 4811.950028113681 4811.950028113681 2519.0662557815913
0.7680808080808081 0.9475388853876551 0.8822931607472176 0.8822931607472176 4526.803317427433 4526.803317427433 2491.901154127976
0.7763636363636364 0.9496031004511881 0.8918076319704253 0.8918076319704253 4241.656606741185 4241.656606741185 2465.315687742536
0.7846464646464648 0.9515607366916206 0.9013221031936334 0.9013221031936334 3956.5098960549276 3956.5098960549276 2439.2915005135333
0.792929292929293 0.9528685448316957 0.9108365744168411 0.9108365744168411 3769.449530361017 3769.449530361017 2413.811003310717
0.8012121212121213 0.9538944947009259 0.9203510456400488 0.9203510456400488 3596.8503157795976 3596.8503157795976 2388.8573343405355
0.8094949494949495 0.9549464755453969 0.9298655168632565 0.9298655168632565 3424.251101198178 3424.251101198178 2364.4143219352545
0.8177777777777779 0.9564048236288568 0.9393799880864644 0.9393799880864644 3251.6518866167544 3251.6518866167544 2340.4664496033997
0.8260606060606062 0.957680865793635 0.9488944593096721 0.9488944593096721 3079.0526720353346 3079.0526720353346 2316.998823182823
0.8343434343434344 0.9589835120548145 0.9584089305328798 0.9584089305328798 2906.4534574539152 2906.4534574539152 2293.997139950258
0.8426262626262626 0.9606825389360484 0.9679234017560875 0.9679234017560875 2733.8542428724954 2733.8542428724954 2271.4476595527613
0.8509090909090911 0.9620698939699384 0.9774378729792954 0.9774378729792954 2561.255028291072 2561.255028291072 2249.337176636886
0.8591919191919193 0.9630780322133113 0.9869523442025031 0.9869523442025031 2444.7831486260807 2444.7831486260807 2227.6529950610307
0.8674747474747475 0.9641095049529372 0.9964668154257108 0.9964668154257108 2338.1487620260086 2338.1487620260086 2206.382903585134
0.875757575757576 0.9650451110419198 1.0059812866489188 1.0059812866489188 2231.5143754259325 2231.5143754259325 2185.5151529399222
0.8840404040404042 0.9658668809174581 1.0154957578721264 1.0154957578721264 2124.879988825862 2124.879988825862 2165.038434185229
0.8923232323232324 0.9669086266546464 1.0250102290953342 1.0250102290953342 2018.245602225788 2018.245602225788 2144.9418582736166
0.9006060606060606 0.9681807179326173 1.0345247003185418 1.0345247003185418 1911.611215625717 1911.611215625717 2125.214936741715
0.9088888888888891 0.9693302075794742 1.0440391715417499 1.0440391715417499 1804.976829025641 1804.976829025641 2105.847563457338
0.9171717171717173 0.9702227617605903 1.0535536427649574 1.0535536427649574 1698.34244242557 1698.34244242557 2086.829997355631
0.9254545454545455 0.9713301856526156 1.0630681139881653 1.0630681139881653 1618.0529443875116 1618.0529443875116 2068.1528461022845
0.9337373737373738 0.9721824903258283 1.0725825852113728 1.0725825852113728 1549.6390396443176 1549.6390396443176 2049.8070506262584
0.9420202020202022 0.9729435357494707 1.0820970564345809 1.0820970564345809 1481.22513490112 1481.22513490112 2031.7838704684889
0.9503030303030304 0.9735913630590171 1.0916115276577887 1.0916115276577887 1412.8112301579245 1412.8112301579245 2014.0748698968032
0.9585858585858587 0.9741716128473399 1.1011259988809963 1.1011259988809963 1344.3973254147304 1344.3973254147304 1996.671904740688
0.9668686868686869 0.9753153835523924 1.110640470104204 1.110640470104204 1275.9834206715345 1275.9834206715345 1979.5671099027504
0.9751515151515153 0.9763784059149008 1.120154941327412 1.120154941327412 1207.5695159283387 1207.5695159283387 1962.7528875066425
0.9834343434343435 0.9772649336215822 1.1296694125506197 1.1296694125506197 1139.155611185143 1139.155611185143 1946.2218956439121
0.9917171717171718 0.9778805973463401 1.1391838837738273 1.1391838837738273 1082.2316076592397 1082.2316076592397 1929.9670376847762
1.0 0.9782382114902752 1.148698354997035 1.148698354997035 1038.2853409982188 1038.2853409982188 1913.981452120114
