0.18 0.44264963864138995 0.2067657038994663 0.2067657038994663 3973687.5526487706 3973687.5526487706 10633.23028955619
0.18828282828282827 0.4648564533929837 0.21628017512267406 0.21628017512267406 3267874.397382718 3267874.397382718 10165.45942917872
0.19656565656565655 0.4859267164914893 0.2257946463458818 0.2257946463458818 2710763.065684584 2710763.065684584 9737.110162378794
0.20484848484848484 0.505730223247889 0.2353091175690896 0.2353091175690896 2268738.9796337117 2268738.9796337117 9343.400579876297
0.21313131313131312 0.5245984486851571 0.24482358879229735 0.24482358879229735 1911564.2932003767 1911564.2932003767 8980.292121321863
0.2214141414141414 0.5423604693055978 0.25433806001550513 0.25433806001550513 1622592.313010535 1622592.313010535 8644.35053649139
0.2296969696969697 0.5592944102119403 0.2638525312387129 0.2638525312387129 1385091.0338571235 1385091.0338571235 8332.636928755113
0.23797979797979799 0.5753143966032617 0.27336700246192064 0.27336700246192064 1189501.2858627522 1189501.2858627522 8042.621551778069
0.24626262626262627 0.5905546012468341 0.28288147368512845 0.28288147368512845 1026739.8390027249 1026739.8390027249 7772.115002456575
0.2545454545454545 0.6050779031986169 0.29239594490833615 0.29239594490833615 890394.9029203228 890394.9029203228 7519.212847614735
0.26282828282828286 0.6188676897828531 0.30191041613154396 0.30191041613154396 775860.6174061103 775860.6174061103 7282.250720979682
0.27111111111111114 0.632008712172733 0.31142488735475177 0.31142488735475177 678853.4515693628 678853.4515693628 7059.767651262716
0.2793939393939394 0.6445436413274406 0.3209393585779595 0.3209393585779595 596265.6329234045 596265.6329234045 6850.475913228173
0.2876767676767677 0.6565322954031614 0.3304538298011673 0.3304538298011673 525637.5952892059 525637.5952892059 6653.236087074835
0.295959595959596 0.6679723380107407 0.33996830102437503 0.33996830102437503 464974.7708293905 464974.7708293905 6467.036305798338
0.30424242424242426 0.6789039222738205 0.3494827722475828 0.3494827722475828 412653.4347641933 412653.4347641933 6290.9748924266705
0.31252525252525254 0.6893644798571777 0.35899724347079054 0.35899724347079054 367345.8659180312 367345.8659180312 6124.245758238245
0.3208080808080808 0.6993526337216336 0.3685117146939983 0.3685117146939983 327961.6877185071 327961.6877185071 5966.1260629688695
0.3290909090909091 0.7089407481015463 0.3780261859172061 0.3780261859172061 293601.36506971973 293601.36506971973 5815.965738486534
0.3373737373737374 0.7181540134655042 0.38754065714041386 0.38754065714041386 263519.55953983834 263519.55953983834 5673.178555685367
0.34565656565656566 0.7269737016335055 0.3970551283636216 0.3970551283636216 237095.9136005246 237095.9136005246 5537.234475742002
0.353939393939394 0.7354318201892377 0.4065695995868294 0.4065695995868294 213812.03191678599 213812.03191678599 5407.653075339364
0.3622222222222222 0.743561530776893 0.4160840708100371 0.4160840708100371 193232.84061941237 193232.84061941237 5283.997873951236
0.37050505050505056 0.7513898817608916 0.425598542033245 0.425598542033245 175025.6535628608 175025.6535628608 5165.87142202539
0.3787878787878788 0.7589124367866604 0.43511301325645263 0.43511301325645263 158842.08227475482 158842.08227475482 5052.911033597102
0.3870707070707071 0.7661594191762876 0.4446274844796605 0.4446274844796605 144425.59061839653 144425.59061839653 4944.785066803008
0.39535353535353535 0.7731150645566586 0.4541419557028682 0.4541419557028682 131569.2167749594 131569.2167749594 4841.18967194408
0.4036363636363637 0.779791214569468 0.463656426926076 0.463656426926076 120056.35599204997 120056.35599204997 4741.845939937219
0.41191919191919196 0.7862910666784212 0.47317089814928376 0.47317089814928376 109744.55588234762 109744.55588234762 4646.497394798707
0.42020202020202024 0.7925187789438727 0.4826853693724915 0.4826853693724915 100474.20941364362 100474.20941364362 4554.907782689695
0.4284848484848485 0.7985277776134544 0.4921998405956993 0.4921998405956993 92128.3859230054 92128.3859230054 4466.859117394892
0.4367676767676768 0.8043330319913123 0.501714311818907 0.501714311818907 84604.71193934121 84604.71193934121 4382.149948193601
0.4450505050505051 0.8099236367684796 0.5112287830421148 0.5112287830421148 77803.60676585656 77803.60676585656 4300.593821150505
0.45333333333333337 0.8153151017947927 0.5207432542653225 0.5207432542653225 71646.12380793628 71646.12380793628 4222.017909088488
0.46161616161616165 0.8205530939599887 0.5302577254885303 0.5302577254885303 66062.62949983656 66062.62949983656 4146.261789056703
0.4698989898989899 0.8256181711363637 0.5397721967117382 0.5397721967117382 60991.690085366936 60991.690085366936 4073.1763490948256
0.4781818181818182 0.8304908298538252 0.5492866679349458 0.5492866679349458 56379.36751156787 56379.36751156787 4002.622808616208
0.4864646464646465 0.8352072457475039 0.5588011391581537 0.5588011391581537 52177.00466894978 52177.00466894978 3934.4718388681745
0.49474747474747477 0.839782642009032 0.5683156103813614 0.5683156103813614 48343.08185297606 48343.08185297606 3868.6027717413494
0.503030303030303 0.8442156649159717 0.5778300816045692 0.5778300816045692 44839.88944756901 44839.88944756901 3804.9028867448055
0.5113131313131314 0.8484858768632448 0.587344552827777 0.587344552827777 41634.25235330563 41634.25235330563 3743.26676728351
0.5195959595959596 0.8525710151644775 0.5968590240509847 0.5968590240509847 38696.74006511678 38696.74006511678 3683.595718504885
0.527878787878788 0.8566639393404638 0.6063734952741925 0.6063734952741925 36001.7035913685 36001.7035913685 3625.7972399519954
0.5361616161616163 0.860495765201894 0.6158879664974003 0.6158879664974003 33527.446201855964 33527.446201855964 3569.7845470966704
0.5444444444444445 0.8643321639432948 0.625402437720608 0.625402437720608 31250.98051570599 31250.98051570599 3515.4761365471477
0.5527272727272727 0.867924566158063 0.6349169089438157 0.6349169089438157 29155.957898492903 29155.957898492903 3462.795390348891
0.5610101010101011 0.8715120673266631 0.6444313801670235 0.6444313801670235 27224.04720840339 27224.04720840339 3411.670215338338
0.5692929292929294 0.8749816798547542 0.6539458513902314 0.6539458513902314 25442.399477309522 25442.399477309522 3362.032713979618
0.5775757575757576 0.8783058671799423 0.6634603226134391 0.6634603226134391 23796.174024172367 23796.174024172367 3313.818883523807
0.5858585858585859 0.8815103178743703 0.6729747938366468 0.6729747938366468 22273.806411736314 22273.806411736314 3266.968340687781
0.5941414141414142 0.8846160655076972 0.6824892650598546 0.6824892650598546 20865.134220832588 20865.134220832588 3221.4240693623133
0.6024242424242425 0.8876536482656041 0.6920037362830624 0.6920037362830624 19560.05407898666 19560.05407898666 3177.132189132986
0.6107070707070708 0.8906239270523395 0.7015182075062701 0.7015182075062701 18349.74430310626 18349.74430310626 3134.041742637964
0.618989898989899 0.8934904097687666 0.7110326787294778 0.7110326787294778 17226.32909872695 17226.32909872695 3092.1044999982264
0.6272727272727273 0.8963192180412695 0.7205471499526857 0.7205471499526857 16182.641426410828 16182.641426410828 3051.274778742211
0.6355555555555557 0.8990809744774553 0.7300616211758935 0.7300616211758935 15212.156650116403 15212.156650116403 3011.509277811368
0.6438383838383839 0.9017634290186797 0.7395760923991012 0.7395760923991012 14309.2959215036 14309.2959215036 2972.76692437859
0.6521212121212122 0.9043541802566684 0.749090563622309 0.749090563622309 13468.347074676458 13468.347074676458 2935.0087323403236
0.6604040404040405 0.9068325358034711 0.7586050348455168 0.7586050348455168 12684.3575459502 12684.3575459502 2898.197671457499
0.6686868686868688 0.9091744037285472 0.7681195060687245 0.7681195060687245 11953.23820907747 11953.23820907747 2862.298546221923
0.676969696969697 0.9115881597767556 0.7776339772919322 0.7776339772919322 11270.593581403484 11270.593581403484 2827.2778836152092
0.6852525252525252 0.9139483513009288 0.7871484485151399 0.7871484485151399 10633.000731137816 10633.000731137816 2793.103829007832
0.6935353535353537 0.9161263631648833 0.7966629197383479 0.7966629197383479 10036.821553307023 10036.821553307023 2759.746049517787
0.7018181818181819 0.918273919849908 0.8061773909615556 0.8061773909615556 9479.135395318244 9479.135395318244 2727.1756442125975
0.7101010101010101 0.9204813487990118 0.8156918621847633 0.8156918621847633 8957.107357775147 8957.107357775147 2695.365060595893
0.7183838383838386 0.9224318691914398 0.8252063334079712 0.8252063334079712 8468.060570158415 8468.060570158415 2664.2880168713623
0.7266666666666668 0.9245215518361881 0.8347208046311789 0.8347208046311789 8009.63070080517 8009.63070080517 2633.9194295230927
0.734949494949495 0.9264604418529429 0.8442352758543866 0.8442352758543866 7579.6313208456 7579.6313208456 2604.2353457928984
0.7432323232323232 0.9283250257058964 0.8537497470775943 0.8537497470775943 7176.0427010287485 7176.0427010287485 2575.212880672619
0.7515151515151517 0.9302404767651129 0.8632642183008022 0.8632642183008022 6797.044352709285 6797.044352709285 2546.8301580630546
0.7597979797979799 0.9319506694872166 0.8727786895240099 0.8727786895240099 6440.949115199304 6440.949115199304 2519.0662557815913
0.7680808080808081 0.9338012929143944 0.8822931607472176 0.8822931607472176 6106.096078456836 6106.096078456836 2491.901154127976
0.7763636363636364 0.9354314095827518 0.8918076319704253 0.8918076319704253 5791.125905866036 5791.125905866036 2465.315687742536
0.7846464646464648 0.937165529481222 0.9013221031936334 0.9013221031936334 5494.6187175359355 5494.6187175359355 2439.2915005135333
0.792929292929293 0.9387603191623466 0.9108365744168411 0.9108365744168411 5215.433957559739 5215.433957559739 2413.811003310717
0.8012121212121213 0.9403146106403716 0.9203510456400488 0.9203510456400488 4952.3482821262905 4952.3482821262905 2388.8573343405355
0.8094949494949495 0.9419318262101254 0.9298655168632565 0.9298655168632565 4704.324958274038 4704.324958274038 2364.4143219352545
0.8177777777777779 0.9432296427000925 0.9393799880864644 0.9393799880864644 4470.391604255339 4470.391604255339 2340.4664496033997
0.8260606060606062 0.9449072007114284 0.9488944593096721 0.9488944593096721 4249.641011661513 4249.641011661513 2316.998823182823
0.8343434343434344 0.9462527708573282 0.9584089305328798 0.9584089305328798 4041.227147810005 4041.227147810005 2293.997139950258
0.8426262626262626 0.9476246092766805 0.9679234017560875 0.9679234017560875 3844.359346917435 3844.359346917435 2271.4476595527613
0.8509090909090911 0.9490856198395253 0.9774378729792954 0.9774378729792954 3658.4913445426473 3658.4913445426473 2249.337176636886
0.8591919191919193 0.9501686074125889 0.9869523442025031 0.9869523442025031 3491.4512083420886 3491.4512083420886 2227.6529950610307
0.8674747474747475 0.951505497857707 0.9964668154257108 0.9964668154257108 3324.41107214153 3324.41107214153 2206.382903585134
0.875757575757576 0.9529423541464992 1.0059812866489188 1.0059812866489188 3159.709039795865 3159.709039795865 2185.5151529399222
0.8840404040404042 0.9539547131572689 1.0154957578721264 1.0154957578721264 3016.997585417835 3016.997585417835 2165.038434185229
0.8923232323232324 0.9551693989665765 1.0250102290953342 1.0250102290953342 2874.286131039802 2874.286131039802 2144.9418582736166
0.9006060606060606 0.9565131159651414 1.0345247003185418 1.0345247003185418 2737.131528627105 2737.131528627105 2125.214936741715
0.9088888888888891 0.957532421443541 1.0440391715417499 1.0440391715417499 2614.1464013262 2614.1464013262 2105.847563457338
0.9171717171717173 0.9584982047001294 1.0535536427649574 1.0535536427649574 2491.1612740253004 2491.1612740253004 2086.829997355631
0.9254545454545455 0.9597840159221329 1.0630681139881653 1.0630681139881653 2377.2906511264255 2377.2906511264255 2068.1528461022845
0.9337373737373738 0.9608594441676269 1.0725825852113728 1.0725825852113728 2270.4685461646054 2270.4685461646054 2049.8070506262584
0.9420202020202022 0.961776445093228 1.0820970564345809 1.0820970564345809 2163.64644120278 2163.64644120278 2031.7838704684889
0.9503030303030304 0.9627044396752804 1.0916115276577887 1.0916115276577887 2069.35882381409 2069.35882381409 2014.0748698968032
0.9585858585858587 0.9638686229434674 1.1011259988809963 1.1011259988809963 1975.9080218561446 1975.9080218561446 1996.671904740688
0.9668686868686869 0.9648529857290657 1.110640470104204 1.110640470104204 1886.890843045905 1886.890843045905 1979.5671099027504
0.9751515151515153 0.9656489522826913 1.120154941327412 1.120154941327412 1804.5989209273916 1804.5989209273916 1962.7528875066425
0.9834343434343435 0.9664723547510771 1.1296694125506197 1.1296694125506197 1722.3069988088782 1722.3069988088782 1946.2218956439121
0.9917171717171718 0.9674943012518316 1.1391838837738273 1.1391838837738273 1648.8318493379522 1648.8318493379522 1929.9670376847762
1.0 0.9684802668795985 1.148698354997035 1.148698354997035 1575.9284155381206 1575.9284155381206 1913.981452120114
