0.18 0.4507988307502688 0.2067657038994663 0.2067657038994663 3803078.436592025 3803078.436592025 10633.23028955619
0.18828282828282827 0.47254870885815803 0.21628017512267406 0.21628017512267406 3134569.469626487 3134569.469626487 10165.45942917872
0.19656565656565655 0.5032188207095729 0.2257946463458818 0.2257946463458818 2466060.502660949 2466060.502660949 9737.110162378794
0.20484848484848484 0.52073185847264 0.2353091175690896 0.2353091175690896 2088160.836258532 2088160.836258532 9343.400579876297
0.21313131313131312 0.5428969128617086 0.24482358879229735 0.24482358879229735 1725145.868457974 1725145.868457974 8980.292121321863
0.2214141414141414 0.5664938863341793 0.25433806001550513 0.25433806001550513 1414010.6357142313 1414010.6357142313 8644.35053649139
0.2296969696969697 0.5815493354494461 0.2638525312387129 0.2638525312387129 1217740.546614948 1217740.546614948 8332.636928755113
0.23797979797979799 0.6011506905917078 0.27336700246192064 0.27336700246192064 1021470.4575156649 1021470.4575156649 8042.621551778069
0.24626262626262627 0.6212629615193175 0.28288147368512845 0.28288147368512845 853574.7301857898 853574.7301857898 7772.115002456575
0.2545454545454545 0.6335510274102958 0.29239594490833615 0.29239594490833615 748086.86533106 748086.86533106 7519.212847614735
0.26282828282828286 0.6490557866015356 0.30191041613154396 0.30191041613154396 642599.000476329 642599.000476329 7282.250720979682
0.27111111111111114 0.6686359168317515 0.31142488735475177 0.31142488735475177 537111.135621598 537111.135621598 7059.767651262716
0.2793939393939394 0.6784212401262096 0.3209393585779595 0.3209393585779595 478324.7996255745 478324.7996255745 6850.475913228173
0.2876767676767677 0.6896823822483147 0.3304538298011673 0.3304538298011673 421860.6395989441 421860.6395989441 6653.236087074835
0.295959595959596 0.7034773613738088 0.33996830102437503 0.33996830102437503 365396.4795723138 365396.4795723138 6467.036305798338
0.30424242424242426 0.7183151786421008 0.3494827722475828 0.3494827722475828 313736.1698820804 313736.1698820804 6290.9748924266705
0.31252525252525254 0.7260278342574471 0.35899724347079054 0.35899724347079054 283359.8880363882 283359.8880363882 6124.245758238245
0.3208080808080808 0.7353033759012658 0.3685117146939983 0.3685117146939983 252983.60619069592 252983.60619069592 5966.1260629688695
0.3290909090909091 0.7464153373119339 0.3780261859172061 0.3780261859172061 222607.32434500352 222607.32434500352 5815.965738486534
0.3373737373737374 0.7597259928692549 0.38754065714041386 0.38754065714041386 192231.04249931127 192231.04249931127 5673.178555685367
0.34565656565656566 0.7662396213933045 0.3970551283636216 0.3970551283636216 175024.55816730447 175024.55816730447 5537.234475742002
0.353939393939394 0.773216238671716 0.4065695995868294 0.4065695995868294 158748.5106642226 158748.5106642226 5407.653075339364
0.3622222222222222 0.7814218330758377 0.4160840708100371 0.4160840708100371 142472.4631611409 142472.4631611409 5283.997873951236
0.37050505050505056 0.7910309450359337 0.425598542033245 0.425598542033245 126196.41565805892 126196.41565805892 5165.87142202539
0.3787878787878788 0.8011200500243607 0.43511301325645263 0.43511301325645263 111098.68024124746 111098.68024124746 5052.911033597102
0.3870707070707071 0.8058118133716047 0.4446274844796605 0.4446274844796605 102593.10766149161 102593.10766149161 4944.785066803008
0.39535353535353535 0.8112619391617507 0.4541419557028682 0.4541419557028682 94087.5350817359 94087.5350817359 4841.18967194408
0.4036363636363637 0.8175404717661089 0.463656426926076 0.463656426926076 85581.96250198009 85581.96250198009 4741.845939937219
0.41191919191919196 0.824701887127889 0.47317089814928376 0.47317089814928376 77076.38992222432 77076.38992222432 4646.497394798707
0.42020202020202024 0.8330530676235569 0.4826853693724915 0.4826853693724915 68570.81734246857 68570.81734246857 4554.907782689695
0.4284848484848485 0.8381539110799271 0.4921998405956993 0.4921998405956993 62912.63154093582 62912.63154093582 4466.859117394892
0.4367676767676768 0.8422270454779328 0.501714311818907 0.501714311818907 58362.59206324075 58362.59206324075 4382.149948193601
0.4450505050505051 0.8468170439356406 0.5112287830421148 0.5112287830421148 53812.55258554562 53812.55258554562 4300.593821150505
0.45333333333333337 0.8520144837189664 0.5207432542653225 0.5207432542653225 49262.51310785055 49262.51310785055 4222.017909088488
0.46161616161616165 0.8578392047618396 0.5302577254885303 0.5302577254885303 44712.47363015542 44712.47363015542 4146.261789056703
0.4698989898989899 0.8645474336526383 0.5397721967117382 0.5397721967117382 40162.43415246029 40162.43415246029 4073.1763490948256
0.4781818181818182 0.8687555805484057 0.5492866679349458 0.5492866679349458 37045.073934527805 37045.073934527805 4002.622808616208
0.4864646464646465 0.8718846802035746 0.5588011391581537 0.5588011391581537 34646.45573577225 34646.45573577225 3934.4718388681745
0.49474747474747477 0.8753768222262888 0.5683156103813614 0.5683156103813614 32247.837537016727 32247.837537016727 3868.6027717413494
0.503030303030303 0.8791783269636141 0.5778300816045692 0.5778300816045692 29849.219338261173 29849.219338261173 3804.9028867448055
0.5113131313131314 0.8835575794309359 0.587344552827777 0.587344552827777 27450.60113950562 27450.60113950562 3743.26676728351
0.5195959595959596 0.8882846090410115 0.5968590240509847 0.5968590240509847 25051.982940750095 25051.982940750095 3683.595718504885
0.527878787878788 0.8936418635599412 0.6063734952741925 0.6063734952741925 22653.36474199454 22653.36474199454 3625.7972399519954
0.5361616161616163 0.8961499345904584 0.6158879664974003 0.6158879664974003 21304.943704525693 21304.943704525693 3569.7845470966704
0.5444444444444445 0.8985970286252765 0.625402437720608 0.625402437720608 20041.470792484837 20041.470792484837 3515.4761365471477
0.5527272727272727 0.9012708976982157 0.6349169089438157 0.6349169089438157 18777.997880443985 18777.997880443985 3462.795390348891
0.5610101010101011 0.9042182642972494 0.6444313801670235 0.6444313801670235 17514.524968403115 17514.524968403115 3411.670215338338
0.5692929292929294 0.9074750356467088 0.6539458513902314 0.6539458513902314 16251.052056362232 16251.052056362232 3362.032713979618
0.5775757575757576 0.9110584665600481 0.6634603226134391 0.6634603226134391 14987.579144321378 14987.579144321378 3313.818883523807
0.5858585858585859 0.9149571583630561 0.6729747938366468 0.6729747938366468 13724.106232280525 13724.106232280525 3266.968340687781
0.5941414141414142 0.9180138133398789 0.6824892650598546 0.6824892650598546 12734.388523997719 12734.388523997719 3221.4240693623133
0.6024242424242425 0.919708994699345 0.6920037362830624 0.6920037362830624 12066.798168541025 12066.798168541025 3177.132189132986
0.6107070707070708 0.9216607426214629 0.7015182075062701 0.7015182075062701 11399.20781308434 11399.20781308434 3134.041742637964
0.618989898989899 0.9237929277912085 0.7110326787294778 0.7110326787294778 10731.617457627653 10731.617457627653 3092.1044999982264
0.6272727272727273 0.9259359162608266 0.7205471499526857 0.7205471499526857 10064.02710217096 10064.02710217096 3051.274778742211
0.6355555555555557 0.9285239685850248 0.7300616211758935 0.7300616211758935 9396.436746714266 9396.436746714266 3011.509277811368
0.6438383838383839 0.9312799913098108 0.7395760923991012 0.7395760923991012 8728.84639125758 8728.84639125758 2972.76692437859
0.6521212121212122 0.9342031250356175 0.749090563622309 0.749090563622309 8061.256035800888 8061.256035800888 2935.0087323403236
0.6604040404040405 0.9366650246307938 0.7586050348455168 0.7586050348455168 7485.180667658254 7485.180667658254 2898.197671457499
0.6686868686868688 0.9381348471412767 0.7681195060687245 0.7681195060687245 7126.273498213749 7126.273498213749 2862.298546221923
0.676969696969697 0.9394510378484894 0.7776339772919322 0.7776339772919322 6767.366328769244 6767.366328769244 2827.2778836152092
0.6852525252525252 0.9410957895796837 0.7871484485151399 0.7871484485151399 6408.45915932474 6408.45915932474 2793.103829007832
0.6935353535353537 0.9427488262597917 0.7966629197383479 0.7966629197383479 6049.551989880222 6049.551989880222 2759.746049517787
0.7018181818181819 0.944562948242402 0.8061773909615556 0.8061773909615556 5690.644820435718 5690.644820435718 2727.1756442125975
0.7101010101010101 0.9464933840677735 0.8156918621847633 0.8156918621847633 5331.737650991214 5331.737650991214 2695.365060595893
0.7183838383838386 0.9486376261440799 0.8252063334079712 0.8252063334079712 4972.8304815467 4972.8304815467 2664.2880168713623
0.7266666666666668 0.9507112439936563 0.8347208046311789 0.8347208046311789 4613.923312102195 4613.923312102195 2633.9194295230927
0.734949494949495 0.9525574216005496 0.8442352758543866 0.8442352758543866 4338.309693847921 4338.309693847921 2604.2353457928984
0.7432323232323232 0.9535708780171218 0.8537497470775943 0.8537497470775943 4144.255806839399 4144.255806839399 2575.212880672619
0.7515151515151517 0.9544713222979581 0.8632642183008022 0.8632642183008022 3950.2019198308735 3950.2019198308735 2546.8301580630546
0.7597979797979799 0.9557716792149126 0.8727786895240099 0.8727786895240099 3756.148032822352 3756.148032822352 2519.0662557815913
0.7680808080808081 0.957104962679316 0.8822931607472176 0.8822931607472176 3562.0941458138304 3562.0941458138304 2491.901154127976
0.7763636363636364 0.9582415897408383 0.8918076319704253 0.8918076319704253 3368.040258805309 3368.040258805309 2465.315687742536
0.7846464646464648 0.9597887239791308 0.9013221031936334 0.9013221031936334 3173.9863717967805 3173.9863717967805 2439.2915005135333
0.792929292929293 0.9613481290112665 0.9108365744168411 0.9108365744168411 2979.932484788259 2979.932484788259 2413.811003310717
0.8012121212121213 0.9627450597687277 0.9203510456400488 0.9203510456400488 2785.8785977797374 2785.8785977797374 2388.8573343405355
0.8094949494949495 0.9645625648273894 0.9298655168632565 0.9298655168632565 2604.1660703694624 2604.1660703694624 2364.4143219352545
0.8177777777777779 0.9652809029668293 0.9393799880864644 0.9393799880864644 2497.208830919905 2497.208830919905 2340.4664496033997
0.8260606060606062 0.9659230674630422 0.9488944593096721 0.9488944593096721 2390.25159147035 2390.25159147035 2316.998823182823
0.8343434343434344 0.966682656638575 0.9584089305328798 0.9584089305328798 2283.294352020795 2283.294352020795 2293.997139950258
0.8426262626262626 0.9677726219336407 0.9679234017560875 0.9679234017560875 2176.3371125712397 2176.3371125712397 2271.4476595527613
0.8509090909090911 0.9687973243421396 0.9774378729792954 0.9774378729792954 2069.379873121682 2069.379873121682 2249.337176636886
0.8591919191919193 0.9696697813168885 0.9869523442025031 0.9869523442025031 1962.4226336721272 1962.4226336721272 2227.6529950610307
0.8674747474747475 0.970532218973604 0.9964668154257108 0.9964668154257108 1855.4653942225718 1855.4653942225718 2206.382903585134
0.875757575757576 0.9719464730215258 1.0059812866489188 1.0059812866489188 1748.508154773013 1748.508154773013 2185.5151529399222
0.8840404040404042 0.9731336447486669 1.0154957578721264 1.0154957578721264 1641.5509153234593 1641.5509153234593 2165.038434185229
0.8923232323232324 0.9739722455529023 1.0250102290953342 1.0250102290953342 1548.4719016433241 1548.4719016433241 2144.9418582736166
0.9006060606060606 0.9744079180628458 1.0345247003185418 1.0345247003185418 1487.5985560919214 1487.5985560919214 2125.214936741715
0.9088888888888891 0.9751992680616692 1.0440391715417499 1.0440391715417499 1426.725210540516 1426.725210540516 2105.847563457338
0.9171717171717173 0.9759557782353288 1.0535536427649574 1.0535536427649574 1365.8518649891132 1365.8518649891132 2086.829997355631
0.9254545454545455 0.9767018896741876 1.0630681139881653 1.0630681139881653 1304.978519437709 1304.978519437709 2068.1528461022845
0.9337373737373738 0.977367226671173 1.0725825852113728 1.0725825852113728 1244.1051738863066 1244.1051738863066 2049.8070506262584
0.9420202020202022 0.977892665860809 1.0820970564345809 1.0820970564345809 1183.2318283349011 1183.2318283349011 2031.7838704684889
0.9503030303030304 0.9785472413447538 1.0916115276577887 1.0916115276577887 1122.358482783497 1122.358482783497 2014.0748698968032
0.9585858585858587 0.9796279701061867 1.1011259988809963 1.1011259988809963 1061.4851372320943 1061.4851372320943 1996.671904740688
0.9668686868686869 0.9806398061239908 1.110640470104204 1.110640470104204 1000.6117916806903 1000.6117916806903 1979.5671099027504
0.9751515151515153 0.9813911161415171 1.120154941327412 1.120154941327412 943.4643485752975 943.4643485752975 1962.7528875066425
0.9834343434343435 0.9816865309668654 1.1296694125506197 1.1296694125506197 908.1288456670075 908.1288456670075 1946.2218956439121
0.9917171717171718 0.9819559525902927 1.1391838837738273 1.1391838837738273 872.7933427587183 872.7933427587183 1929.9670376847762
1.0 0.9822868974503739 1.148698354997035 1.148698354997035 837.4578398504282 837.4578398504282 1913.981452120114
