0.08929132537023979 233663472404.42334
0.08961056389285618 229115426675.4215
0.08991733592121423 224927383940.96194
0.09020058388226439 221115314574.87646
0.09048694514164117 217243751580.7981
0.09076438808296067 213565972901.914
0.09101648648479231 210378391987.4993
0.09122710209865613 207827358445.5378
0.09149197426173508 204738911738.86682
0.09172599895871188 202407192489.92163
0.09189611716422222 200598534357.6998
0.09210534388220609 198780506521.36856
0.09227007978697008 197408626352.9945
0.09244205714048324 195975125268.66388
0.0925612399519618 195011384082.38675
0.09269485734542991 194175132223.9971
0.09280424869867152 193134028177.02646
0.0928552229575895 192623392570.21594
0.0929566869421515 190945602702.53043
0.09296406651329318 190040752388.55533
0.09300011283605228 188796105719.74686
0.09298155804660577 187079053495.8189
0.09298232493223563 185389700704.4404
0.09294901739276239 183341180521.484
0.0928957823392444 181760529749.0189
0.09272811910896536 180796198261.5334
0.09266433329221045 178756675437.7782
0.09263350893077585 176729167001.63885
0.0925004400550743 175399517547.7431
0.0923419554627779 173820644448.9123
0.09210093435223503 172476387613.12753
0.09200682342677326 170102855764.35577
0.09175610582869531 168272695624.8194
0.09159824671710551 165640962451.6667
0.09122983306577283 163212715534.0872
0.09105125687527474 159613218062.46695
0.09071414319007141 156197365494.98944
0.09053507486467056 151948177502.5187
0.09031401089686515 147690982590.9108
0.09004071322655252 143308851626.33243
0.08969284613974472 139166930152.0553
0.08947740826579516 135161024518.20627
0.08929830598592152 130624378277.7683
0.08897936604628277 127210347660.6549
0.08866862327556006 124188084472.96004
0.08843764108983879 121309683942.45952
0.08812383139869794 118883220504.7324
0.08794162650518382 116645786759.65471
0.08771302045664449 114315531113.7292
0.08743460347368696 112517842057.64128
0.0871744349279856 110490256351.66302
0.08687092622985464 108592908289.31253
0.08666521438823066 106356764605.73477
0.08640096516595877 104011411726.70703
0.086243979905805 100861233672.89832
0.08599921806059081 97880220462.66652
0.085822819625925 94592399282.93059
0.08567107204921573 92082459660.99022
0.0855549422591409 89774272988.9469
0.08537327354846945 89114238420.93591
0.08507241554047759 89984497143.12611
0.08484081472392148 90602211458.28142
0.08459189570648395 90255388539.41095
0.08442784074931897 88035615966.00363
0.08411734867710312 84287330989.98508
0.08386866743047633 79489764053.38048
0.0836088326579516 74697187887.63734
0.08338413586523487 69788203328.56859
0.08315704455744198 66150139940.91508
0.0829549715611742 63912420541.71235
0.0827386057014738 62677312795.55977
0.0825917922308507 60494823515.49809
0.08244498094527922 54660454101.34783
0.08237515354517189 47891572661.93202
0.08242759001067432 43093191388.680916
0.0825468805679846 38173610125.13991
0.08284029891983938 32551963173.799175
0.08339030605176116 27127862931.019154
0.08434745713154398 18662943904.22518
0.08605169582633936 12538506215.644175
0.08869518360135896 6431214634.572741
0.09264514612462457 2717487580.223944
0.09803722278939464 612331768.3491925
0.10492887906008329 238301655.00811693
0.1134175698431217 110806571.27541782
0.12347669593934892 61948330.25328844
0.13538414544787902 35978604.40034891
0.14925951812387364 21362336.97760152
0.16536696082234492 12734626.789407564
0.18387685733956152 7569704.771414921
0.20513679381794173 4501035.8395623835
0.22943975645683998 2673445.7912132377
0.2572619563230597 1566990.2170351036
0.28888483804287046 923674.2451406984
0.32452093696956547 545044.3503094949
0.3638486209990658 321176.2119720529
0.40740728187870046 190515.03198657473
0.455140356477591 113750.06823291608
0.5072017949783366 68417.93739951806
0.5636901804114096 41482.13940084963
0.6243164661461099 25339.02939250087
0.6890367577698987 15638.12711212287
0.7571651987537816 9742.422995126615
0.8284638167541998 6140.05748761901
0.9025446111202966 3919.8715894272723
0.9788567889006883 2535.514893306785
1.0565099108487979 1665.2097725850474
1.1347159276056733 1102.8685919528605
1.2129167003800172 741.6680656370593
1.2903248970730834 506.134675102138
1.3660961930543702 350.6958451339448
1.43975464287612 246.46912613080417
1.5104365821321624 175.8941665022893
1.5775513728867034 127.30850616884028
1.6404976285210926 93.520204796535
1.699296386508365 69.69735502342971
1.7534858039508903 52.73159921758355
1.802770328333802 40.43959543559281
1.8470654904373074 31.455699287110374
1.8865550209046895 24.786818768465313
1.9210918991651782 19.838405190334026
1.9509357392081996 16.042058667894153
1.976335366420223 13.133214511971142
1.9974012119624562 10.888653477069418
2.0144605692443798 9.137137590852763
2.027794494177389 7.755130136172785
2.0376989960996297 6.646465851894572
2.04439866371111 5.764649102557289
2.0483008609313367 5.03213850464337
2.0495901951160262 4.444586270493824
2.0485636282767907 3.9538718438228733
2.0455163763660025 3.55052842721532
2.040645622732794 3.212139617342481
2.0342245794122507 2.935747386643369
2.026320593523083 2.6923837892897664
2.017299798324087 2.4914584561720923